1.1949213510020953E7 -289.3595156968781 
28.72273132286675 34264.62300275496 
1.1949213510020953E7 -289.3595156968781 
28.72273132286675 34264.62300275496 
7868711.331024689 -289.05861918824644 
9929784.193881175 -289.3307586529652 
9844455.829521976 -289.30768391492455 
5659347.063361714 -279.2245702580158 
5176795.225677967 -274.2086169295376 
29.271417964122204 16140.063160480022 
6168596.051033524 -283.68504461515255 
29.00179669556991 20707.290122549522 
2865929.0413657976 -229.8739954997506 
28.821543597099613 25967.635228447638 
1798827.754800394 -109.81700692198567 
35.04980348041608 1757.4401818517067 
1386293.9460418692 -75.13572409282006 
6623420.407114928 -286.7453978727247 
5968950.402013427 -282.0500626131933 
29.889156352707655 12355.665260071024 
7123853.459823376 -288.43251450942785 
28.95616515998917 22058.49252212621 
37.89439707997761 857.5697561563298 
4456498.3866243055 -263.8324562356708 
31.89032104908671 6125.9410609351535 
28.977710537974396 21414.2729902245 
32.17889170712002 5389.3074070522935 
3476422.770654616 -248.1688942881381 
29.754874273190296 12956.286980417999 
4875984.3387863375 -270.6767944888416 
28.76223097454349 28903.326381964376 
28.746188058585094 30205.154533332185 
30.696259369897174 9528.571164531293 
1021628.0466900803 -47.88851510463104 
128449.24347493818 191.74299080370952 
31.459493301340935 7305.036022252906 
33.66068752320846 2815.350712172729 
32.79726342838249 4050.1036593187005 
29.16603284255824 17367.081405155703 
28.866916140446396 24613.848593505223 
32.439838327490044 4776.441645843467 
29.044539364770614 19612.92667715192 
6976498.711777639 -288.08259873322237 
29.09952879849253 18424.170458995046 
31.651222379755616 6773.065492207433 
3621017.90889592 -251.1399598320866 
30.641023396036545 9693.398340300962 
426750.6189727304 121.01744494887765 
7730579.755998206 -288.8951612052789 
31.073829443309098 8407.697940609463 
2557158.024854987 -219.78654108009846 
29.04383242349264 19630.029193359565 
28.777245535683004 27967.339225041214 
33.972458759420384 2505.725950790132 
29.099541635795234 18424.170033082093 
29.16603284255824 17367.081405155703 
28.779887031371178 27809.99673707463 
4593.016021566877 339.56776239608416 
711880.7172179569 -16.38644603295927 
7473199.331698885 -288.8395247338864 
28.89080534193546 23947.039407992004 
28.72915755257656 31829.700783285403 
30.332004119582074 10690.58450856261 
28.9041662040281 23606.87932018631 
28.796017821547245 26921.872727682767 
30.1073324036993 11485.159780079985 
28.728155072986343 31984.54974408008 
28.76223097454349 28903.326381964376 
367573.91266703926 136.4283053775764 
28.725940505955467 32767.726541571115 
3164712.188599483 -237.45862978895985 
28.92941854320785 22849.034490510534 
28.723661204231885 33586.93386872866 
4149361.104959029 -260.5894160857545 
28.796017821547245 26921.872727682767 
29.370900081755348 15257.627072645071 
3164712.188599483 -237.45862978895985 
28.73587582652741 30986.033373739272 
711880.7172179569 -16.38644603295927 
6712300.684933037 -287.1822724396842 
29.616134904753558 13665.430778593156 
29.480174300399035 14477.062434649504 
28.84766905836865 25165.19693176318 
30.12833530403159 11409.64658171924 
4638323.887149289 -267.53497870647396 
3879785.4877161654 -255.0708284108028 
2491789.113780993 -217.11205113763293 
4149361.104959029 -260.5894160857545 
28.736161957033765 30961.002069086793 
29.37290282242034 15257.577089008522 
29.480174300399035 14477.062434649504 
1131868.3741029568 -56.52254764399251 
1952659.60181522 -133.91912769488314 
28.925353404900275 22964.049744839678 
28.746188058585094 30205.154533332185 
1284267.5938807474 -67.74628709254901 
3879785.2932900963 -254.45699604047675 
31.215366180987665 8007.877878708588 
7473199.331698885 -288.8395247338864 
32.72592853891627 4181.229383804094 
